power ~ rh + tcc + ssrd + strd + L1 + L2:
crps_qr_h1:0.070
crps_qr_h2:0.079
crps_qr_h3:0.081
crps_qr_h4:0.081
rc_h1:0.1225,0.25,0.3566666666666667,0.4533333333333333,0.5625,0.6583333333333333,0.75,0.8483333333333334,0.9358333333333333
rcs_h1:0.0486
rc_h2:0.13583333333333333,0.23583333333333334,0.3416666666666667,0.4625,0.5483333333333333,0.6475,0.7558333333333334,0.8408333333333333,0.9325
rcs_h2:0.0445
rc_h3:0.14833333333333334,0.24333333333333335,0.3333333333333333,0.4475,0.5425,0.6308333333333334,0.7441666666666666,0.8483333333333334,0.9325
rcs_h3:0.0412
rc_h4:0.15416666666666667,0.23916666666666667,0.3475,0.45416666666666666,0.5416666666666666,0.6466666666666666,0.75,0.8375,0.9325
rcs_h4:0.0448
power ~ rh + ssrd + strd + L1 + L2:
crps_qr_h1:0.070
crps_qr_h2:0.079
crps_qr_h3:0.081
crps_qr_h4:0.081
rc_h1:0.14083333333333334,0.23916666666666667,0.3358333333333333,0.43333333333333335,0.5441666666666667,0.6541666666666667,0.7566666666666667,0.8525,0.9308333333333333
rcs_h1:0.0431
rc_h2:0.125,0.23833333333333334,0.3433333333333333,0.46,0.5533333333333333,0.6416666666666667,0.7525,0.8491666666666666,0.9366666666666666
rcs_h2:0.0444
rc_h3:0.15,0.24166666666666667,0.33166666666666667,0.44916666666666666,0.5466666666666666,0.6383333333333333,0.7408333333333333,0.8475,0.935
rcs_h3:0.0423
rc_h4:0.14166666666666666,0.24916666666666668,0.3358333333333333,0.4508333333333333,0.5483333333333333,0.6408333333333334,0.7466666666666667,0.845,0.94
rcs_h4:0.0443
power ~ rh + ssrd + L1 + L2:
crps_qr_h1:0.072
crps_qr_h2:0.084
crps_qr_h3:0.085
crps_qr_h4:0.085
rc_h1:0.1,0.21666666666666667,0.31916666666666665,0.41083333333333333,0.5166666666666667,0.6325,0.7466666666666667,0.8475,0.9241666666666667
rcs_h1:0.0238
rc_h2:0.115,0.21583333333333332,0.30416666666666664,0.43583333333333335,0.54,0.63,0.75,0.8216666666666667,0.9375
rcs_h2:0.0278
rc_h3:0.11,0.21583333333333332,0.32416666666666666,0.43833333333333335,0.55,0.6391666666666667,0.7325,0.8441666666666666,0.9166666666666666
rcs_h3:0.0301
rc_h4:0.10583333333333333,0.215,0.315,0.44,0.54,0.6566666666666666,0.7408333333333333,0.83,0.925
rcs_h4:0.0298
power ~  ssrd + L1 + L2:
crps_qr_h1:0.076
crps_qr_h2:0.086
crps_qr_h3:0.087
crps_qr_h4:0.087
rc_h1:0.11416666666666667,0.20666666666666667,0.2941666666666667,0.3875,0.49166666666666664,0.6075,0.7025,0.7833333333333333,0.8933333333333333
rcs_h1:0.0090
rc_h2:0.1025,0.205,0.3025,0.41583333333333333,0.49166666666666664,0.585,0.6833333333333333,0.8083333333333333,0.9033333333333333
rcs_h2:0.0086
rc_h3:0.12166666666666667,0.21333333333333335,0.315,0.4058333333333333,0.49833333333333335,0.5725,0.6833333333333333,0.795,0.9033333333333333
rcs_h3:0.0122
rc_h4:0.12083333333333333,0.21,0.30083333333333334,0.4025,0.49583333333333335,0.585,0.6791666666666667,0.7808333333333334,0.8766666666666667
rcs_h4:0.0130
